0,100425,153185,274344,423285,569246,497772,642088,547814,719892,688301,836956
0,96958,111930,240003,303073,462375,387948,496805,440925,534340,569930
0
0,103880,111979,250424,330662,483232,408626,569289,461774,559236,604872
0
0,117738,122377,236635,340913,520701,425774,569085,499262,650383,615295
0
0,124650,129292,264290,389175,565608,477489,627960,544177,672432,718317
0
0,136992,122767,278268,355066,539923,443388,595295,525524,710952,693263,852251
0,126605,115826,264422,341217,541903,419165,572828,520459,674707,653544,795255
0,116259,102036,243703,306762,453317,384716,526142,438914,594816,606361
